0 9
0 10
0 11
0 12
0 13
0 14
0 15
0 16
0 17
0 18
0 1
0 19
0 20
0 21
0 22
0 23
0 24
0 25
0 26
0 27
0 28
0 2
0 29
0 30
0 3
0 4
0 5
0 6
0 7
0 8
9 107
9 108
9 109
9 110
9 111
9 112
9 113
9 114
9 115
9 116
9 117
9 118
9 119
9 120
9 121
9 122
9 123
9 124
9 125
9 126
9 127
9 128
9 129
9 15
9 1
9 23
9 29
9 33
9 6
9 69
9 8
99 597
99 6
99 95
999 426
1000 1048
1000 1125
1000 428
1000 457
1000 498
1000 610
1000 686
1001 428
1001 459
1001 921
1002 430
1002 727
1002 730
1002 907
1002 991
1003 1004
1003 1066
1003 1068
1003 1104
1003 431
1003 906
1004 1066
1004 1068
1004 1069
1004 1104
1004 431
1004 792
1004 859
1004 906
1004 909
1004 931
1005 438
1006 446
1006 474
1006 553
1006 686
1007 450
1007 482
1008 1126
1008 451
1008 455
1008 461
1008 540
1008 554
1008 989
100 127
100 131
100 195
100 264
100 270
100 403
100 467
100 553
100 581
100 636
100 637
100 73
100 7
1009 451
1009 466
1009 706
1009 835
1010 451
1010 893
1010 930
1011 453
1012 453
1012 463
1012 621
1013 453
1013 635
1014 457
1015 457
1015 520
1016 1018
1016 1067
1016 458
1017 458
1018 1067
1018 458
1018 612
101 338
101 369
101 7
1019 459
1019 474
1019 476
1019 485
1019 756
1020 459
1021 459
1021 482
1022 1127
1022 459
1022 485
1022 807
1022 922
1023 1096
1023 459
1023 483
1024 459
1024 756
1025 1044
1025 459
1025 486
1025 563
1025 756
1025 994
1026 459
1026 756
1027 461
1028 463
102 20
102 245
102 40
102 613
102 638
102 8
1029 465
1030 465
1030 586
1031 1068
1031 1077
1031 467
1031 597
1032 467
1033 470
1033 512
1033 542
1033 807
1033 847
1034 1037
1034 1038
1034 1042
1034 1097
1034 474
1034 482
1034 708
1034 846
1034 848
1034 869
1035 476
1035 485
1035 823
1036 478
1036 479
1036 810
1036 848
1036 956
1037 480
1037 564
1037 705
1037 708
1037 869
1038 1042
1038 1097
1038 480
1038 705
1038 846
103 104
103 127
103 134
103 153
103 200
103 20
103 217
103 30
103 326
103 332
103 403
103 41
103 46
103 500
103 639
103 8
1039 482
1040 482
1040 490
1040 496
1040 606
1041 482
1042 1097
1042 482
1042 705
1042 846
1042 848
1042 994
1043 486
1044 1111
1044 486
1044 756
1044 847
1045 488
1045 600
1046 494
1046 674
1047 497
1047 763
1048 498
104 115
104 127
104 128
104 15
104 182
104 195
104 197
104 199
104 200
104 201
104 202
104 203
104 204
104 205
104 20
104 209
104 212
104 213
104 215
104 216
104 217
104 226
104 235
104 250
104 258
104 273
104 283
104 290
104 306
104 320
104 330
104 332
104 334
104 360
104 377
104 38
104 389
104 39
104 399
104 413
104 41
104 419
104 436
104 438
104 445
104 467
104 471
104 48
104 502
104 50
104 544
104 54
104 55
104 577
104 595
104 640
104 641
104 642
104 643
104 644
104 645
104 646
104 647
104 648
104 649
104 650
104 75
104 78
104 79
104 8
1049 503
1049 508
1049 710
1049 860
1049 987
1049 988
1050 511
1050 903
1051 513
1052 1128
1052 522
1052 545
1052 764
1052 821
1053 526
1053 557
1053 560
1053 911
1054 531
1055 534
1056 537
1057 545
1057 818
1057 899
1058 548
105 12
105 133
105 136
105 19
105 267
105 338
105 357
105 390
105 40
105 414
105 424
105 451
105 457
105 466
105 537
105 587
105 651
105 652
105 653
105 654
105 655
105 656
105 657
105 658
105 659
105 660
105 661
105 662
105 663
105 664
105 8
1059 552
1059 659
1060 552
1060 567
1061 553
1061 597
1061 827
1061 927
1062 554
1062 957
1063 559
1064 560
1064 911
1065 1104
1065 560
1065 794
1065 901
1065 911
1066 1068
1066 1069
1066 1077
1066 1104
1066 577
1066 686
1066 792
1066 906
1066 909
1067 577
1067 979
1068 1069
1068 1077
1068 1104
1068 577
1068 792
1068 906
1068 909
106 127
106 13
106 181
106 195
106 199
106 205
106 20
106 216
106 251
106 262
106 38
106 57
106 665
106 666
106 667
106 8
1069 1104
1069 577
1070 577
1071 586
1072 1129
1072 587
1072 769
1073 591
1074 592
1074 747
1075 592
1076 597
1077 1078
1077 609
1077 633
1077 792
1077 909
1078 609
107 119
107 15
107 23
107 295
107 33
107 69
1079 1083
1079 1130
1079 611
1079 967
1080 611
1081 611
1082 611
1083 611
1083 660
1083 967
1084 616
1085 650
1085 692
1086 1131
1086 657
1086 934
1086 986
1087 1088
1087 657
1088 657
108 23
1089 662
1089 920
1090 663
1091 670
1092 679
1093 693
1094 698
1094 877
1095 1132
1095 700
1096 704
1096 807
1097 1111
1097 705
1097 708
1097 846
1097 847
1097 848
1098 713
10 130
10 131
10 132
10 133
10 134
10 135
10 136
10 137
10 17
10 18
10 1
10 19
10 21
10 24
10 26
10 2
10 3
10 44
10 72
109 116
109 118
109 123
109 13
109 181
109 23
109 531
109 568
109 668
1099 723
1099 957
1100 756
1101 764
1102 767
1103 770
1104 792
1104 909
1105 801
1106 823
1107 833
1108 835
1109 835
1110 835
1111 854
1111 867
1111 868
1111 994
1112 858
1112 864
1113 869
1114 873
1115 883
1116 889
1117 897
1118 918
111 113
111 119
111 13
111 162
111 164
111 166
111 167
111 169
111 178
111 180
111 23
111 270
111 279
111 332
111 354
111 57
111 669
111 670
1119 929
1120 930
1121 959
1122 978
1122 996
1123 980
1124 997
112 119
112 123
112 133
112 161
112 162
112 167
112 175
112 180
112 531
112 671
112 77
112 81
113 116
113 178
113 568
113 668
114 16
114 223
114 224
114 23
114 254
114 286
114 366
114 453
114 667
114 672
114 673
114 674
115 126
115 127
115 193
115 197
115 200
115 203
115 204
115 205
115 209
115 212
115 213
115 214
115 23
115 268
115 273
115 288
115 304
115 306
115 343
115 389
115 434
115 438
115 445
115 467
115 469
115 48
115 592
115 641
115 647
115 675
115 676
115 677
115 678
115 679
115 680
115 79
116 118
116 119
116 123
116 132
116 134
116 160
116 166
116 184
116 531
116 568
116 681
116 69
116 75
117 204
117 440
117 468
117 516
117 628
117 682
117 683
117 92
118 123
118 168
118 23
118 568
118 668
118 75
11 138
11 139
11 140
11 141
11 142
11 143
11 144
11 145
11 146
11 147
11 148
11 149
11 150
11 151
11 152
11 2
11 83
119 160
119 162
119 164
119 165
119 167
119 168
119 169
119 171
119 173
119 175
119 177
119 178
119 180
119 181
119 18
119 232
119 23
119 296
119 32
119 331
119 531
119 562
119 568
119 668
119 684
119 77
119 79
120 162
120 164
120 165
120 167
120 168
120 171
120 173
120 177
120 23
120 562
120 77
121 251
121 286
121 289
121 328
121 330
121 354
121 428
121 542
121 544
121 685
121 686
121 687
121 688
122 13
122 15
123 13
123 14
123 175
123 182
123 23
123 53
123 554
123 568
123 57
123 689
123 690
123 75
124 136
124 181
124 254
124 286
124 328
124 366
124 428
124 691
124 692
124 693
125 24
125 683
126 15
126 198
126 207
126 218
126 273
126 445
126 593
126 646
126 647
126 648
126 694
126 695
126 79
127 136
127 181
127 193
127 195
127 200
127 205
127 206
127 216
127 230
127 242
127 273
127 288
127 292
127 302
127 304
127 320
127 323
127 324
127 428
127 434
127 438
127 48
127 51
127 54
127 55
127 679
127 696
127 73
127 78
127 84
128 15
128 199
128 316
128 640
128 642
12 13
12 152
12 153
12 154
12 155
12 156
12 157
12 158
12 15
12 159
12 17
12 1
12 21
12 23
12 27
12 2
12 44
12 4
12 5
12 68
12 6
12 75
12 8
129 193
129 204
129 326
129 400
129 436
129 467
129 671
129 697
129 698
129 84
130 133
130 134
130 136
130 154
130 233
130 296
130 329
130 459
130 480
130 535
130 584
130 610
130 613
130 676
130 699
130 700
130 701
130 702
130 703
130 93
131 243
131 258
131 312
131 330
131 469
131 500
131 546
131 60
131 616
131 637
132 133
132 212
132 233
132 281
132 445
132 44
132 474
132 51
132 55
132 564
132 72
132 78
133 134
133 139
133 154
133 226
133 22
133 239
133 253
133 313
133 337
133 350
133 367
133 371
133 376
133 40
133 417
133 41
133 444
133 447
133 480
133 486
133 584
133 585
133 606
133 662
133 690
133 704
133 705
133 706
133 707
133 708
133 70
133 73
133 80
133 86
134 147
134 154
134 183
134 195
134 226
134 22
134 310
134 331
134 339
134 366
134 386
134 393
134 396
134 40
134 430
134 43
134 456
134 466
134 479
134 503
134 51
134 523
134 544
134 567
134 585
134 597
134 605
134 692
134 709
134 710
134 711
134 712
134 713
134 714
134 98
135 13
135 212
135 301
135 312
135 532
135 564
135 575
135 611
135 681
135 715
135 716
135 717
135 78
136 137
136 181
136 18
136 213
136 229
136 232
136 237
136 238
136 242
136 268
136 320
136 331
136 361
136 375
136 412
136 419
136 442
136 451
136 453
136 458
136 519
136 553
136 584
136 587
136 661
136 710
136 93
137 229
137 239
138 145
138 146
13 14
13 15
13 160
13 161
13 162
13 163
13 164
13 165
13 166
13 167
13 168
13 169
13 170
13 171
13 172
13 173
13 174
13 175
13 176
13 177
13 178
13 179
13 180
13 181
13 23
13 32
13 33
13 79
139 141
139 142
139 144
139 145
139 146
139 147
139 148
139 149
139 151
139 266
139 298
139 299
139 311
139 312
139 313
139 328
139 331
139 332
139 348
139 353
139 395
139 503
139 504
139 572
139 61
139 648
139 718
139 71
139 719
139 720
139 721
139 83
140 141
140 145
140 151
140 353
140 718
140 722
140 83
141 142
141 145
141 146
141 147
141 149
141 151
141 312
141 331
141 353
141 354
141 403
141 442
141 503
141 577
141 590
141 648
141 722
141 723
142 145
142 146
142 22
142 238
142 275
142 298
142 331
142 380
142 395
142 409
142 410
142 412
142 503
142 589
142 590
142 632
142 722
142 724
142 725
142 726
142 727
142 728
142 729
142 730
142 82
142 83
143 363
143 386
143 555
143 558
143 731
143 732
143 733
144 145
144 149
144 151
144 184
144 236
144 240
144 266
144 330
144 353
144 370
144 371
144 415
144 572
144 61
144 734
144 735
145 146
145 147
145 148
145 149
145 151
145 184
145 228
145 238
145 315
145 331
145 353
145 361
145 370
145 427
145 504
145 51
145 572
145 736
145 83
146 149
146 151
146 182
146 238
146 28
146 313
146 353
146 395
146 506
146 572
146 719
146 737
146 738
146 75
146 76
147 151
147 205
147 363
147 377
147 572
147 718
147 74
148 149
148 151
148 184
148 266
148 370
148 504
148 572
148 691
148 720
148 736
14 167
14 182
14 183
14 184
14 185
14 186
14 187
14 188
14 189
14 190
14 22
14 32
14 33
14 6
14 75
14 92
149 151
149 182
149 240
149 242
149 353
149 403
149 539
149 572
149 577
149 61
149 62
149 75
149 83
150 240
151 184
151 242
151 266
151 299
151 370
151 556
151 558
151 572
151 722
151 734
151 736
151 738
151 739
151 740
151 741
151 74
151 83
152 355
152 395
152 411
152 589
152 590
152 742
152 743
152 744
152 745
152 746
152 747
152 83
153 217
154 236
154 343
154 345
154 361
154 374
154 376
154 377
154 414
154 417
154 444
154 584
154 585
154 676
154 80
155 267
155 268
155 661
155 686
155 701
156 20
156 245
156 30
156 331
156 332
156 334
156 39
156 41
156 51
156 740
156 748
156 91
157 182
157 390
157 394
157 648
157 660
157 749
157 750
157 751
157 752
157 753
157 754
158 433
158 755
15 191
15 192
15 193
15 194
15 195
15 196
15 197
15 198
15 1
15 199
15 200
15 201
15 202
15 203
15 204
15 205
15 206
15 207
15 208
15 209
15 210
15 211
15 212
15 213
15 214
15 215
15 216
15 217
15 218
15 219
15 220
15 221
15 23
15 2
15 29
15 32
15 33
15 55
15 5
15 6
15 76
15 8
159 756
159 757
159 758
160 182
160 184
160 189
160 583
160 77
160 79
161 175
161 195
161 196
161 197
161 296
161 326
161 400
161 583
161 698
161 77
162 321
162 350
162 488
162 632
162 759
163 164
163 166
163 167
163 172
163 270
163 321
164 165
164 166
164 167
164 171
164 173
164 238
164 296
164 562
165 167
165 177
165 181
165 360
165 491
166 236
166 23
166 531
167 236
167 23
167 321
167 531
167 562
167 690
168 32
168 69
16 222
16 223
16 224
16 23
16 33
169 489
169 69
170 500
170 583
171 296
171 562
173 23
175 180
175 181
175 195
175 196
175 197
175 219
175 23
175 326
175 389
175 583
175 760
175 77
175 79
175 81
176 181
176 583
177 243
177 29
178 279
178 668
17 18
17 1
17 20
17 21
17 225
17 226
17 227
17 22
17 24
17 25
17 26
17 2
17 37
17 38
17 5
179 81
180 196
180 313
180 343
180 548
180 77
181 22
181 230
181 233
181 236
181 23
181 240
181 276
181 27
181 286
181 291
181 295
181 33
181 51
181 531
181 562
181 69
181 761
181 762
181 81
182 184
182 186
182 188
182 189
182 190
182 340
182 358
182 366
182 380
182 383
182 392
182 53
182 550
182 565
182 566
182 601
182 603
182 624
182 699
182 714
182 723
182 725
182 75
182 763
182 764
182 765
182 77
182 86
183 184
183 188
183 190
183 205
183 268
183 571
183 578
183 79
184 189
184 266
184 299
184 328
184 330
184 353
184 363
184 370
184 388
184 415
184 48
184 53
184 558
184 568
184 572
184 577
184 61
184 735
184 741
184 75
184 766
185 18
185 26
185 413
185 428
185 548
185 579
185 602
185 637
185 638
185 710
185 73
185 75
185 767
186 395
186 465
186 53
186 566
186 588
186 75
186 765
187 454
187 466
187 561
187 577
187 587
187 653
187 659
187 662
187 768
187 769
187 770
187 771
188 190
188 453
188 463
188 53
188 577
188 601
188 621
188 622
188 75
188 772
188 773
188 92
188 98
18 1
18 19
18 228
18 229
18 230
18 231
18 232
18 233
18 234
18 235
18 236
18 237
18 238
18 239
18 26
18 2
18 37
18 40
18 6
18 69
18 81
18 85
189 565
189 566
189 572
189 75
190 315
190 40
190 44
190 453
190 463
190 49
190 53
190 621
190 92
191 205
191 223
191 247
191 287
191 322
191 445
191 502
191 57
191 697
191 774
191 775
192 195
192 203
192 211
192 214
192 218
192 221
192 327
192 360
192 362
192 400
192 445
192 517
192 591
192 593
192 598
192 599
192 600
192 774
192 84
192 87
193 195
193 203
193 209
193 262
193 292
193 29
193 316
193 324
193 360
193 389
193 399
193 40
193 438
193 55
193 648
193 704
193 73
193 776
193 79
194 254
194 488
194 670
194 674
194 693
194 777
195 196
195 200
195 203
195 206
195 209
195 211
195 213
195 217
195 219
195 22
195 236
195 262
195 268
195 273
195 288
195 29
195 316
195 326
195 332
195 360
195 363
195 389
195 438
195 445
195 471
195 472
195 55
195 598
195 677
195 690
195 694
195 73
195 76
195 776
195 778
195 779
195 780
196 203
196 211
196 219
196 288
196 326
196 389
196 77
196 779
196 781
197 203
197 204
197 205
197 206
197 211
197 214
197 218
197 221
197 326
197 400
197 440
197 511
197 583
197 593
197 628
197 641
197 646
197 694
197 697
197 774
197 779
197 782
197 84
197 87
198 214
198 215
198 217
198 220
198 285
198 288
198 362
198 648
198 686
198 724
198 779
198 783
198 784
198 785
1 19
1 21
1 23
1 2
1 31
1 32
1 33
1 34
1 35
1 36
1 37
1 3
1 5
1 6
1 7
1 8
19 21
19 227
19 232
19 240
19 241
19 242
19 243
19 2
19 40
19 42
19 49
19 80
199 204
199 218
199 258
199 270
199 283
199 29
199 332
199 469
199 544
199 595
199 616
199 640
199 641
199 642
199 644
199 645
199 646
199 691
199 786
199 787
200 201
200 205
200 217
200 232
200 257
200 273
200 290
200 292
200 29
200 324
200 334
200 335
200 360
200 437
200 473
200 48
200 54
200 55
200 649
200 78
200 81
200 91
201 213
201 250
201 257
201 30
201 320
201 334
201 347
201 398
201 473
201 48
201 55
201 585
202 205
202 22
202 262
202 290
202 322
202 331
202 370
202 39
202 415
202 502
202 572
202 61
202 788
203 204
203 206
203 208
203 209
203 210
203 212
203 213
203 215
203 216
203 217
203 232
203 250
203 262
203 271
203 273
203 290
203 292
203 327
203 334
203 360
203 377
203 389
203 437
203 445
203 471
203 502
203 593
203 789
203 790
203 80
203 87
204 206
204 207
204 209
204 210
204 211
204 214
204 215
204 216
204 218
204 221
204 273
204 288
204 290
204 335
204 389
204 400
204 445
204 593
204 647
204 697
204 782
204 791
204 84
205 20
205 209
205 212
205 213
205 214
205 221
205 262
205 321
205 326
205 360
205 399
205 438
205 445
205 48
205 57
205 694
205 73
206 211
206 212
206 215
206 326
206 363
206 389
206 472
206 55
206 628
206 697
207 211
207 218
207 273
207 342
207 445
207 467
207 595
207 647
207 791
208 214
208 217
208 403
208 595
20 209
20 213
20 222
20 22
20 238
20 244
20 245
20 246
20 247
20 248
20 24
20 249
20 250
20 251
20 252
20 253
20 254
20 255
20 256
20 257
20 258
20 259
20 260
20 2
20 38
20 39
20 40
20 45
20 46
20 49
20 53
20 54
20 58
20 8
20 90
209 213
209 232
209 273
209 321
209 360
209 399
209 403
209 40
209 424
209 438
209 445
209 55
209 641
209 671
209 675
209 697
210 211
210 214
210 218
210 288
210 29
210 400
210 577
210 679
210 697
210 780
210 791
211 212
211 214
211 215
211 218
211 221
211 326
211 327
211 400
211 440
211 471
211 55
211 559
211 697
211 791
211 792
211 793
211 794
211 84
212 283
212 285
212 306
212 363
212 365
212 436
212 471
212 473
212 48
212 55
212 676
212 792
212 795
212 796
213 242
213 262
213 273
213 292
213 360
213 428
213 437
213 502
213 55
213 649
213 687
213 691
214 215
214 217
214 218
214 220
214 221
214 288
214 362
214 400
214 517
214 591
214 593
214 641
214 697
214 779
214 785
214 84
215 217
215 218
215 220
215 288
215 389
215 438
215 598
215 641
215 695
215 779
215 785
215 797
216 220
216 242
216 292
216 500
216 544
216 774
216 793
217 273
217 29
217 334
217 362
217 438
217 531
217 577
217 598
217 628
217 639
217 779
217 798
218 221
218 288
218 400
218 471
218 591
218 594
218 649
218 68
218 691
218 694
218 695
218 697
218 724
218 789
218 791
218 799
218 800
218 84
218 87
21 26
21 2
21 31
21 37
21 3
21 5
21 6
21 7
21 8
219 389
219 801
220 288
220 362
220 554
220 598
220 646
220 779
220 785
221 591
221 593
221 741
221 802
221 803
221 84
222 494
222 548
222 677
222 804
223 354
223 494
223 673
223 674
223 805
224 805
225 527
226 22
226 24
226 323
226 367
226 377
226 38
226 409
226 44
226 517
226 531
226 577
226 806
227 240
227 270
227 313
227 339
227 398
227 403
227 49
227 51
227 807
227 80
228 453
22 229
22 239
22 245
22 24
22 254
22 261
22 262
22 263
22 264
22 265
22 266
22 267
22 268
22 269
22 270
22 271
22 272
22 273
22 274
22 275
22 276
22 277
22 278
22 279
22 280
22 281
22 282
22 283
22 2
22 37
22 38
22 41
22 42
22 43
22 44
22 45
22 49
22 53
22 79
22 96
229 232
229 238
229 239
229 26
229 297
229 42
229 442
229 612
229 774
229 808
230 239
230 242
230 253
230 333
230 345
230 37
230 56
230 809
230 93
231 26
232 234
232 237
232 238
232 239
232 242
232 253
232 254
232 27
232 281
232 304
232 305
232 377
232 37
232 438
232 443
232 533
232 584
232 589
232 606
232 632
232 659
232 691
232 69
232 70
232 710
232 73
232 75
232 810
232 811
232 812
232 813
232 814
232 815
232 81
232 85
232 90
232 93
233 375
233 816
233 81
234 256
234 26
234 304
234 40
234 414
234 451
234 455
234 457
234 540
234 567
234 661
234 817
236 268
236 304
236 315
236 339
236 354
236 37
236 443
236 463
236 502
236 531
236 584
236 623
236 630
236 632
236 701
236 704
236 706
236 818
236 81
236 819
236 820
236 821
236 93
237 24
237 26
237 40
237 427
237 446
237 452
237 459
237 486
237 512
237 563
237 66
237 708
237 822
237 823
238 242
238 305
238 329
238 433
238 503
238 589
238 590
238 69
238 811
238 812
238 824
238 82
23 262
23 284
23 285
23 286
23 287
23 288
23 289
23 290
23 291
23 292
23 293
23 294
23 295
23 296
23 29
23 32
23 33
23 57
23 69
23 8
239 247
239 305
239 38
239 404
239 42
239 439
239 442
239 443
239 775
239 825
240 242
240 268
240 30
240 315
240 339
240 366
240 37
240 391
240 414
240 451
240 455
240 45
240 465
240 474
240 483
240 48
240 49
240 51
240 584
240 587
240 80
240 826
240 93
241 417
241 577
241 827
242 302
242 331
242 372
242 395
242 430
242 451
242 503
242 587
242 590
242 632
242 80
242 825
242 828
242 82
242 829
242 830
243 377
243 469
243 500
243 60
243 831
244 245
244 247
244 249
244 30
244 334
244 353
244 38
244 40
244 41
244 49
245 249
245 361
245 38
245 398
245 40
245 45
245 584
246 40
247 330
247 378
247 391
247 442
247 511
247 51
247 554
247 774
247 808
247 832
247 833
248 305
24 25
24 264
24 286
24 297
24 298
24 299
24 300
24 301
24 302
24 38
24 59
24 61
249 251
249 283
249 366
249 38
249 40
249 428
249 686
249 701
250 257
250 30
250 330
250 332
250 334
250 419
250 436
250 44
250 55
250 834
251 305
251 320
251 432
251 710
253 258
253 268
253 333
253 337
253 345
253 37
253 51
253 584
253 676
253 73
253 809
254 276
254 286
254 332
254 354
254 366
254 488
254 57
254 693
254 835
254 836
254 837
254 838
255 268
255 498
255 571
255 58
255 611
255 613
255 658
255 715
255 768
255 839
255 840
255 841
255 90
256 315
256 353
256 368
256 422
256 457
256 50
256 567
256 659
256 842
256 843
257 347
258 292
258 304
258 30
258 332
258 419
258 44
258 471
258 49
258 54
258 665
258 671
258 87
258 91
259 40
259 417
259 457
259 717
259 72
259 754
259 80
259 844
259 845
261 367
261 376
261 40
262 287
262 438
262 445
262 502
263 446
263 563
263 846
263 847
263 848
264 271
264 283
264 306
264 38
264 849
265 375
265 597
265 93
266 299
266 340
266 502
266 555
266 556
266 572
266 61
266 709
266 718
266 74
266 75
266 850
266 851
267 315
267 339
267 353
267 357
267 361
267 364
267 367
267 368
267 394
267 39
267 414
267 424
267 451
267 53
267 567
267 656
267 658
267 662
267 71
267 766
267 852
268 42
268 48
268 50
268 51
268 587
268 613
268 700
268 701
268 710
268 75
268 79
268 81
268 853
268 854
268 90
26 274
26 2
26 303
26 304
26 305
26 306
26 37
26 5
26 69
26 85
26 94
269 350
269 377
269 37
269 398
269 40
269 584
269 619
269 631
269 72
269 814
269 815
269 828
269 855
269 856
269 857
270 313
270 332
270 354
270 355
270 371
270 391
270 397
270 403
270 41
270 433
270 49
270 749
270 835
270 858
270 859
270 860
272 354
272 500
272 688
272 861
273 326
273 381
273 389
273 436
273 438
273 445
273 469
273 48
273 592
273 593
273 694
273 79
273 862
274 278
274 352
274 377
274 37
274 414
274 450
274 457
274 81
274 863
275 298
275 332
275 387
275 392
275 412
275 413
275 457
275 590
275 755
275 858
275 864
275 865
276 322
276 693
276 81
276 866
277 50
277 553
277 563
277 823
277 846
277 847
277 867
277 868
277 869
277 870
278 371
278 414
278 416
278 450
278 567
278 597
278 653
278 871
27 279
27 2
27 307
27 308
27 33
27 5
27 6
27 7
279 371
279 391
279 531
279 670
279 693
279 69
280 338
281 425
281 426
281 42
281 429
281 443
281 45
281 484
281 509
281 56
281 57
281 58
281 63
281 64
281 65
281 66
281 67
281 71
281 89
282 354
282 494
283 328
283 392
283 419
283 428
283 433
283 541
283 542
283 590
283 685
283 724
283 728
283 91
284 484
284 499
284 505
284 507
284 539
284 71
284 89
285 288
285 57
285 66
286 294
286 345
286 366
286 488
286 51
286 564
286 73
286 838
286 872
286 873
286 874
286 875
286 876
286 877
286 878
288 326
288 400
288 55
288 583
288 779
288 780
288 785
28 309
28 310
28 311
28 312
28 313
28 314
28 315
289 354
289 494
289 667
289 670
289 692
289 693
289 836
289 837
289 879
290 321
290 335
290 445
290 546
290 591
290 724
290 84
292 39
292 413
292 48
292 55
292 782
294 494
294 874
295 307
295 47
295 880
296 440
296 583
296 698
296 876
296 881
297 428
297 442
297 589
297 882
297 883
298 315
298 331
298 332
298 385
298 388
298 392
298 395
298 397
298 408
298 409
298 428
298 430
298 433
298 503
298 541
298 551
298 570
298 589
298 724
298 725
298 728
298 729
298 755
298 787
298 883
298 884
298 885
298 886
298 887
2 33
2 38
2 3
2 39
2 40
2 41
2 42
2 43
2 44
2 45
2 46
2 47
2 48
2 49
2 50
2 51
2 52
2 53
2 54
2 55
2 5
2 6
2 7
2 8
29 316
29 317
29 318
29 319
29 320
29 321
29 322
29 323
29 324
29 325
29 326
29 327
29 33
29 48
29 8
299 370
299 391
299 413
299 544
299 572
299 687
300 330
300 481
300 81
300 846
300 848
301 810
302 321
302 340
302 379
302 380
302 381
302 382
302 383
302 384
302 385
302 386
302 392
302 41
302 438
302 467
302 48
302 888
302 889
302 890
302 891
302 892
302 893
302 894
302 895
303 328
303 896
304 306
304 307
304 329
304 392
304 437
304 519
304 675
304 728
305 310
305 686
305 748
305 81
305 897
305 898
305 899
306 434
306 437
306 900
307 338
307 33
307 357
307 377
307 424
307 451
307 455
307 457
307 533
307 540
307 550
307 657
307 760
307 80
307 816
307 843
307 880
308 412
308 478
30 328
30 329
30 330
30 331
30 332
30 333
30 334
30 335
30 336
30 337
30 338
30 339
30 44
30 53
309 310
309 311
309 901
309 902
310 311
310 313
310 328
310 898
311 328
311 554
311 859
311 903
311 904
311 905
311 906
311 907
312 314
312 349
312 377
312 38
312 396
312 403
312 456
312 710
312 711
312 717
312 764
312 794
312 908
312 909
312 910
313 38
313 41
313 437
313 457
313 465
313 49
313 522
313 526
313 557
313 901
313 911
314 347
314 395
314 456
314 467
314 610
314 711
314 794
315 338
315 348
315 353
315 357
315 367
315 377
315 408
315 414
315 494
315 514
315 51
315 531
315 53
315 561
315 65
315 661
315 706
315 75
315 826
315 912
315 913
316 320
316 321
316 48
316 54
316 598
316 779
318 914
31 340
319 320
319 322
319 325
319 516
319 696
320 321
320 322
320 323
320 324
320 362
320 428
320 434
320 441
320 48
320 691
320 696
320 915
321 324
321 335
321 389
321 399
321 437
321 438
321 441
321 445
321 48
321 567
321 78
321 914
321 916
322 325
322 639
322 696
322 76
323 324
323 371
323 49
323 54
323 665
324 327
324 362
324 48
325 628
325 680
325 917
326 389
326 400
326 48
326 55
326 577
326 583
326 591
326 594
326 628
326 779
326 84
327 362
327 48
327 84
328 330
328 331
328 332
328 334
328 354
328 383
328 414
328 419
328 432
328 53
328 541
328 542
328 580
328 672
32 33
329 374
329 377
329 37
329 584
329 69
329 710
329 880
329 918
330 332
330 335
330 338
330 383
330 419
330 422
330 432
330 53
330 542
330 563
330 774
330 826
331 380
331 382
331 385
331 388
331 38
331 392
331 395
331 406
331 40
331 411
331 41
331 430
331 433
331 43
331 47
331 503
331 542
331 55
331 590
331 723
331 729
331 83
331 892
331 894
331 904
331 919
332 334
332 335
332 336
332 363
332 371
332 380
332 383
332 389
332 409
332 41
332 419
332 433
332 44
332 456
332 465
332 469
332 488
332 49
332 512
332 51
332 531
332 53
332 542
332 544
332 557
332 563
332 573
332 640
332 657
332 742
332 77
332 80
332 860
332 869
332 920
332 921
333 353
333 367
333 375
333 40
333 456
333 607
333 611
333 633
333 809
333 922
333 923
333 924
334 41
334 419
334 51
334 531
334 542
334 55
334 649
334 925
335 39
335 468
335 619
335 78
335 907
336 355
336 382
336 408
336 41
336 432
336 467
336 46
336 502
336 777
336 926
337 353
337 41
337 428
337 49
337 50
337 586
337 602
337 637
337 660
338 339
338 343
338 353
338 367
338 483
338 544
338 553
338 564
338 575
338 71
338 760
338 927
338 928
338 929
338 930
338 931
338 932
33 341
33 342
33 54
33 5
33 69
339 353
339 361
339 364
339 50
339 51
339 657
339 760
339 845
339 933
339 934
340 356
340 363
340 370
340 379
340 381
340 383
340 384
340 388
340 392
340 412
340 415
340 43
340 511
340 570
340 572
340 577
340 61
340 735
340 75
340 883
340 888
340 889
340 890
340 891
340 895
340 907
340 935
340 936
340 937
341 880
342 399
342 445
342 697
343 37
343 414
343 465
343 488
343 48
343 540
343 548
343 563
343 567
343 659
343 676
343 938
344 349
344 37
345 367
345 374
345 37
345 398
345 417
345 53
345 550
346 355
346 37
346 589
346 742
346 745
346 747
346 939
346 940
346 941
346 942
346 943
346 944
346 945
347 37
347 444
347 584
347 610
348 361
348 37
348 44
348 522
348 68
348 946
349 365
349 37
349 710
349 947
349 948
350 367
350 37
350 45
350 51
350 553
350 57
350 631
350 686
350 704
350 71
350 726
350 828
350 843
350 869
350 93
351 37
351 454
351 466
351 561
351 587
351 653
351 655
351 659
351 75
351 768
351 949
351 950
351 951
351 952
352 37
352 391
352 40
352 500
352 50
352 537
352 567
352 577
352 71
352 840
352 953
353 355
353 357
353 364
353 367
353 370
353 38
353 398
353 39
353 40
353 414
353 41
353 45
353 49
353 504
353 50
353 53
353 572
353 719
353 74
353 766
353 83
353 858
353 929
353 954
354 355
354 356
354 366
354 38
354 391
354 39
354 401
354 40
354 415
354 41
354 44
354 467
354 488
354 494
354 500
354 531
354 665
354 667
354 670
354 690
354 692
354 693
354 69
354 837
354 873
354 955
354 956
354 957
354 958
355 388
355 38
355 391
355 398
355 406
355 409
355 413
355 41
355 467
355 469
355 542
355 551
355 585
355 589
355 590
355 71
355 723
355 724
355 743
355 744
355 746
355 749
355 904
355 944
355 945
355 959
355 960
356 382
356 38
356 415
356 888
356 890
356 895
357 368
357 377
357 38
357 40
357 424
357 451
357 514
357 547
357 706
357 749
357 768
357 920
357 961
358 39
358 520
358 710
358 764
359 360
359 39
359 471
359 54
359 55
360 39
360 399
360 435
360 48
360 795
360 79
361 39
361 431
361 44
361 465
361 51
361 522
361 543
361 68
361 962
362 39
362 440
362 48
362 785
363 39
363 471
363 55
364 368
364 39
364 51
364 766
364 953
364 961
365 39
365 50
366 39
366 467
366 469
366 47
366 488
366 494
366 49
366 51
366 531
366 671
366 674
366 686
366 687
366 692
366 766
366 837
366 878
366 963
366 964
366 965
367 368
367 371
367 391
367 40
367 414
367 49
367 50
367 65
367 659
367 863
367 928
367 952
367 961
368 40
368 451
368 578
368 71
368 90
368 953
369 394
369 40
369 416
369 608
369 871
370 40
370 415
370 502
370 61
370 735
371 377
371 40
371 41
371 466
371 537
371 729
372 40
372 428
372 45
372 56
372 57
372 61
372 67
372 703
372 71
373 40
374 390
374 40
375 377
375 396
375 402
375 40
375 416
375 420
375 428
375 453
375 456
375 605
375 607
375 609
375 611
375 629
375 633
375 72
375 733
375 871
375 93
375 95
375 966
375 967
375 968
375 969
375 970
376 40
376 428
376 444
376 584
376 881
376 971
376 972
377 388
377 389
377 390
377 40
377 412
377 41
377 453
377 466
377 53
377 584
377 587
377 647
377 660
377 661
377 712
377 72
377 749
377 752
377 85
377 973
377 974
378 40
378 658
378 808
378 832
37 50
379 380
379 381
379 384
379 386
379 41
379 783
379 975
380 381
380 382
380 383
380 384
380 385
380 386
380 392
380 412
380 41
380 503
380 551
380 590
380 729
380 783
380 81
380 889
380 891
381 382
381 383
381 384
381 385
381 386
381 41
381 577
381 592
381 783
381 889
381 935
381 976
382 383
382 385
382 386
382 41
382 43
382 503
382 883
383 384
383 385
383 386
383 392
383 406
383 408
383 41
383 542
383 577
383 783
383 795
383 890
383 891
383 895
383 937
384 385
384 386
384 392
384 41
384 725
384 783
384 889
384 895
385 386
385 41
385 43
385 503
385 729
386 41
386 590
386 937
387 395
387 403
387 41
387 590
387 82
387 832
387 858
387 889
387 957
388 395
388 409
388 412
388 41
388 430
388 433
388 541
388 551
388 570
388 632
388 723
388 725
388 728
388 755
388 787
388 808
388 883
388 884
388 885
388 886
388 887
388 977
38 40
38 41
38 42
38 44
38 45
38 49
38 51
389 41
389 445
389 48
389 55
389 583
389 724
389 780
389 785
389 801
390 417
390 41
390 457
390 656
390 751
390 834
390 839
390 978
391 41
391 537
391 55
391 845
391 901
391 952
391 979
392 41
392 438
392 442
392 503
392 57
392 729
392 891
392 892
392 893
392 894
392 919
392 975
392 980
392 981
392 982
393 41
394 41
394 660
394 751
394 752
394 766
394 845
394 983
395 409
395 411
395 41
395 433
395 465
395 503
395 541
395 551
395 570
395 71
395 723
395 742
395 744
395 746
395 747
395 755
395 75
395 889
395 891
395 89
395 942
395 943
395 957
395 984
395 985
396 41
396 420
396 456
396 467
397 41
397 755
397 84
397 941
397 957
397 975
398 41
398 44
398 45
398 571
398 700
398 839
398 959
3 45
3 56
3 57
3 58
3 59
3 60
3 61
3 62
3 63
3 64
3 65
3 66
3 67
3 68
3 69
3 70
3 71
39 41
39 45
39 46
39 48
39 53
39 54
39 55
39 57
399 41
399 573
399 580
399 78
399 79
400 41
400 435
400 440
400 583
400 697
400 698
400 797
400 79
400 801
400 84
400 986
401 41
401 433
401 51
401 656
401 904
401 987
401 988
402 41
402 467
402 544
402 577
402 696
402 967
403 41
403 433
403 49
403 572
403 676
403 989
404 428
404 42
404 80
404 81
405 406
405 407
405 43
405 730
406 407
406 409
406 410
406 43
406 551
406 729
406 774
406 990
406 991
407 408
407 43
407 645
407 724
407 730
407 774
407 903
407 907
408 409
408 410
408 430
408 433
408 43
408 590
408 704
408 725
408 728
408 858
408 891
40 45
40 46
40 47
40 49
40 50
40 53
40 61
40 86
40 8
40 93
409 410
409 412
409 430
409 433
409 43
409 541
409 542
409 725
409 787
409 891
409 936
409 992
410 43
410 539
410 551
410 772
411 412
411 43
411 551
411 589
411 723
411 725
411 742
411 744
411 942
412 43
412 51
412 551
412 589
412 723
412 72
412 883
412 982
413 433
413 43
413 45
413 748
414 44
414 451
414 506
414 534
414 537
414 548
414 567
414 651
414 661
414 704
414 826
414 913
415 44
415 572
415 850
416 44
416 456
416 611
416 749
416 871
417 44
417 483
417 522
417 604
417 754
417 993
417 994
418 44
418 459
418 485
418 512
418 563
418 807
418 847
41 43
41 44
41 49
41 83
419 44
419 542
419 56
419 573
419 72
419 76
419 774
420 44
420 608
421 446
421 44
421 553
421 563
421 72
421 823
421 956
421 995
422 44
422 659
422 71
422 996
423 44
424 429
424 44
424 658
424 816
424 839
424 928
425 45
425 56
425 57
425 58
425 65
425 68
425 71
425 89
426 45
426 475
426 499
426 506
426 507
426 508
426 516
426 62
426 70
426 863
426 867
426 89
426 907
426 997
426 998
427 45
428 453
428 45
428 459
428 519
428 542
428 545
428 553
428 631
428 70
428 774
428 816
428 85
428 883
428 897
428 918
42 45
429 45
429 484
429 496
429 498
429 499
429 509
429 58
429 64
429 66
429 67
429 89
430 45
430 755
430 891
430 903
431 45
431 609
431 68
431 821
431 859
431 906
431 931
431 962
432 46
432 542
432 686
432 801
432 926
433 467
433 47
433 503
433 539
433 541
433 551
433 570
433 635
433 686
433 723
433 725
433 728
433 747
433 755
433 787
433 883
433 884
433 885
433 886
433 887
433 992
434 48
434 690
435 48
436 438
436 48
436 55
437 48
437 500
437 551
437 724
437 728
438 48
438 57
438 649
43 51
439 443
439 48
439 639
440 48
440 516
440 583
440 697
440 698
440 805
440 881
441 48
442 443
442 49
442 503
442 538
442 748
442 774
442 808
442 833
443 49
443 68
443 69
443 90
444 447
444 450
444 460
444 50
444 567
444 585
444 587
445 467
445 50
445 593
445 640
445 694
445 914
446 474
446 476
446 481
446 483
446 50
446 563
446 72
446 815
446 823
446 995
447 50
448 455
448 50
44 49
44 53
44 72
449 458
449 50
449 730
450 499
450 506
450 50
450 537
450 661
450 771
450 835
450 949
451 454
451 455
451 514
451 51
451 587
451 651
451 653
451 655
451 656
451 661
451 662
451 687
451 80
451 913
452 483
452 51
452 563
452 686
453 463
453 51
453 53
453 577
453 597
453 602
453 603
453 620
453 621
453 622
453 623
453 624
453 703
453 707
453 80
453 820
453 85
453 88
453 92
453 94
454 514
454 51
454 587
454 653
454 659
454 71
455 51
455 760
455 816
456 467
456 51
456 922
456 93
456 95
457 51
457 547
457 602
457 631
457 706
457 839
458 51
458 699
458 700
458 839
458 841
458 979
45 47
45 51
45 56
45 57
45 58
45 61
45 63
45 65
45 67
45 68
45 70
45 71
45 80
459 470
459 476
459 483
459 485
459 486
459 512
459 51
459 532
459 553
459 563
459 756
459 80
459 81
459 847
459 921
459 994
460 51
460 631
461 53
461 75
461 817
461 989
462 53
463 53
463 602
463 623
463 624
463 625
463 773
463 820
463 88
464 53
464 544
464 601
464 92
465 522
465 53
465 548
465 637
465 68
465 710
465 73
465 75
465 764
466 467
466 469
466 53
466 548
466 587
466 653
466 659
466 72
466 75
466 768
466 769
466 818
466 951
467 488
467 54
467 551
467 557
467 572
467 648
467 74
467 835
467 911
467 931
467 964
468 54
469 499
469 500
469 520
469 55
469 60
469 67
469 809
469 835
470 512
470 544
470 55
470 756
470 807
470 847
471 55
471 695
472 55
473 55
474 482
474 553
474 56
474 64
474 708
474 848
475 479
475 484
475 507
475 56
475 61
475 62
475 64
475 756
475 869
476 482
476 485
476 56
476 64
476 932
476 994
476 995
477 563
477 56
478 479
478 480
478 553
478 563
478 56
478 848
478 956
479 482
479 56
479 674
479 810
479 874
479 956
479 995
480 486
480 553
480 563
480 56
480 64
480 662
480 690
480 705
480 708
480 846
481 56
481 848
481 867
481 994
482 483
482 485
482 486
482 490
482 496
482 498
482 521
482 563
482 56
482 606
482 63
482 64
482 708
482 868
482 994
483 485
483 548
483 563
483 56
483 708
483 869
483 870
483 994
484 507
484 509
484 56
484 59
484 604
484 60
484 63
484 64
484 66
484 67
484 89
485 512
485 564
485 56
485 756
485 847
485 921
485 994
486 563
486 56
486 756
487 57
488 494
488 57
488 674
488 688
488 693
488 873
488 877
48 53
48 54
48 55
48 75
48 78
48 91
489 490
489 57
489 66
490 496
490 516
490 521
490 57
490 606
490 631
490 66
491 57
491 69
492 57
493 57
494 57
494 667
494 688
494 693
494 69
494 805
494 873
494 874
494 877
495 58
495 978
496 58
496 606
497 498
497 58
497 699
497 763
497 978
498 58
498 700
4 5
4 72
4 73
4 74
4 75
4 76
4 77
4 78
49 51
49 80
499 505
499 506
499 507
499 536
499 538
499 561
499 606
499 60
499 67
499 68
499 71
499 729
500 548
500 60
500 637
500 642
500 659
500 817
500 820
501 60
502 504
502 572
502 61
502 650
503 548
503 551
503 61
503 723
503 725
503 729
503 73
503 832
503 891
503 892
503 894
503 919
503 980
504 572
504 61
504 735
504 73
504 740
505 508
505 524
505 62
505 63
505 68
506 508
506 516
506 539
506 561
506 606
506 62
506 71
506 889
506 89
506 941
506 998
507 508
507 510
507 606
507 62
507 70
507 717
507 754
508 520
508 62
508 68
508 711
50 53
50 55
509 63
509 64
509 67
509 71
509 89
510 64
510 67
510 70
510 71
511 64
511 697
511 774
511 808
511 832
511 833
511 888
511 895
511 903
511 907
511 991
512 563
512 64
512 756
512 807
512 847
513 64
514 65
514 770
515 66
516 66
517 531
517 591
517 593
517 598
517 599
517 600
517 66
517 835
517 84
517 87
518 66
51 80
519 67
519 81
520 528
520 577
520 68
520 710
520 764
521 606
521 68
522 527
522 545
522 569
522 68
522 764
522 821
523 577
523 68
524 68
525 68
526 528
526 557
526 68
526 901
526 911
527 548
527 68
527 72
527 764
527 821
528 557
528 68
528 902
52 71
529 69
529 949
530 69
530 880
531 653
531 679
531 686
531 69
531 704
531 830
532 611
532 70
532 756
533 71
534 71
535 71
536 71
537 71
537 949
538 71
53 75
53 86
539 71
540 548
540 71
541 551
541 71
541 724
541 725
541 728
541 755
541 832
541 885
541 887
542 557
542 580
542 616
542 686
542 708
542 720
542 72
543 72
544 580
544 640
544 708
544 720
544 72
545 568
545 72
546 72
547 72
548 550
548 563
548 567
548 659
548 73
548 764
548 815
548 830
54 55
549 73
550 73
550 764
551 570
551 589
551 724
551 725
551 728
551 729
551 73
551 755
551 787
551 883
551 884
551 885
551 886
551 887
552 567
552 662
552 73
552 75
552 852
553 563
553 564
553 708
553 73
553 80
553 823
553 848
553 867
553 868
553 927
554 591
554 686
554 73
554 774
554 832
554 833
554 859
555 572
555 74
556 572
556 719
556 720
556 74
557 74
557 901
557 902
557 911
558 740
558 74
55 76
559 74
560 74
560 859
560 901
560 911
561 567
561 577
561 587
561 653
561 659
561 676
561 75
561 768
562 75
563 577
563 659
563 708
563 75
563 761
563 807
563 823
563 847
563 848
563 867
563 868
563 956
563 994
563 995
564 75
564 815
564 823
565 566
565 75
565 881
566 75
566 86
567 597
567 655
567 659
567 75
567 93
567 953
568 668
568 75
56 57
56 58
56 61
56 63
56 64
56 65
56 68
56 71
569 75
570 594
570 725
570 755
570 75
570 787
570 884
570 885
570 886
570 887
571 611
571 658
571 75
571 959
571 979
572 709
572 75
572 83
572 850
573 76
573 91
574 77
575 78
576 78
576 79
577 602
577 603
577 610
577 655
577 658
577 670
577 714
577 79
577 810
577 865
577 890
578 79
578 843
57 58
57 61
57 63
57 65
57 66
57 68
57 71
579 79
580 685
580 79
581 756
581 79
582 79
583 698
583 779
583 79
583 805
584 662
584 676
584 690
584 699
584 705
584 80
584 982
585 637
585 80
585 882
586 80
587 653
587 654
587 655
587 659
587 686
587 768
587 769
587 771
587 80
587 818
587 81
587 950
587 951
587 952
587 953
588 661
588 81
58 61
58 63
58 65
58 68
58 70
58 71
589 590
589 723
589 729
589 742
589 743
589 746
589 747
589 755
589 82
589 939
589 944
589 945
589 960
590 723
590 724
590 725
590 742
590 743
590 745
590 83
590 944
591 593
591 594
591 649
591 724
591 84
591 894
592 694
592 744
592 84
593 598
593 599
593 600
593 647
593 694
593 84
593 87
594 724
594 84
595 741
595 785
595 84
596 597
596 85
596 93
597 602
597 620
597 622
597 653
597 707
597 714
597 740
597 85
597 924
597 93
597 952
597 97
598 600
598 779
598 785
598 87
5 6
5 7
5 79
5 80
5 81
5 82
5 83
5 84
5 85
5 86
599 724
599 741
599 87
599 964
600 87
601 621
601 622
601 88
601 92
601 98
602 620
602 629
602 740
602 854
602 88
602 89
602 92
603 620
603 88
603 89
604 89
605 871
605 89
605 93
606 89
607 633
607 89
607 923
607 984
608 871
608 89
60 63
60 67
609 611
609 821
609 89
609 95
609 966
610 613
610 90
611 90
611 922
611 95
611 967
611 984
612 90
613 699
613 853
613 90
614 90
615 91
616 91
617 91
618 91
61 62
61 63
61 65
61 66
61 70
61 71
619 91
620 736
620 92
621 622
621 92
622 92
623 820
623 92
624 676
624 92
625 92
626 635
626 92
626 97
627 92
628 639
628 682
628 92
62 70
629 871
629 93
630 93
631 93
631 94
632 729
632 858
632 93
633 871
633 923
633 95
633 968
633 984
634 97
635 736
635 97
637 676
63 64
63 67
63 68
63 71
63 89
640 641
640 642
640 644
640 645
641 642
642 644
646 782
646 785
646 786
647 694
647 791
648 659
648 772
648 782
64 67
64 89
649 695
649 697
649 774
652 852
653 655
653 659
653 768
653 769
653 771
655 768
655 952
656 660
656 751
656 824
656 845
656 978
657 934
657 986
658 852
65 68
65 70
65 71
659 663
659 676
659 768
659 771
659 961
660 703
660 751
660 753
660 983
661 714
662 690
662 705
664 989
667 693
667 879
670 777
670 835
674 693
674 874
67 68
67 89
686 691
686 697
686 702
686 703
687 883
688 693
68 71
68 89
690 705
690 852
690 974
691 883
694 695
694 785
696 774
696 789
697 789
697 796
697 800
698 805
698 878
698 986
6 75
6 87
6 88
6 8
6 89
6 90
6 91
6 92
6 93
6 94
6 95
6 96
6 97
6 98
69 81
699 839
700 839
702 782
703 774
704 995
705 754
705 846
705 993
706 824
706 852
706 953
708 815
708 848
709 720
709 731
709 732
709 850
710 860
710 899
711 794
713 987
714 949
717 811
718 907
722 736
723 743
723 745
723 746
723 939
723 940
723 944
723 945
723 957
723 985
724 725
724 728
724 729
724 786
724 797
725 728
725 755
725 787
725 884
725 885
725 886
725 887
725 977
727 730
727 975
727 991
728 858
72 88
729 755
729 944
729 980
729 981
729 982
730 973
730 991
733 820
735 936
737 792
741 964
742 745
742 747
742 943
742 944
743 744
743 745
743 747
743 782
743 944
744 745
744 747
744 939
744 944
745 747
745 944
747 939
749 871
752 753
753 811
755 774
755 787
755 884
755 885
755 886
755 887
756 807
756 847
75 79
75 83
760 929
760 934
764 794
764 821
765 773
768 769
768 952
769 818
769 974
770 952
771 818
772 975
773 895
774 808
774 832
774 833
774 883
779 785
782 785
783 884
783 889
783 890
783 894
783 935
787 884
787 885
787 886
787 887
793 808
794 902
798 925
79 84
806 849
807 847
808 832
808 833
80 93
810 956
811 845
813 824
815 822
815 846
815 848
817 989
818 951
818 952
81 93
819 852
823 867
823 869
830 975
832 833
832 907
835 858
836 837
836 879
839 979
852 928
853 868
854 867
854 868
854 870
854 922
85 93
85 94
859 906
859 962
860 987
860 988
864 975
867 868
867 869
869 870
87 91
884 885
884 886
884 887
885 886
885 887
886 887
888 890
888 895
888 935
88 92
889 977
890 895
890 906
893 894
893 919
893 975
893 980
893 981
893 982
894 919
894 975
894 980
894 982
895 923
895 935
898 899
901 911
903 907
906 910
907 991
919 980
919 982
923 984
931 962
934 986
93 98
939 940
939 945
940 941
941 957
949 951
953 961
956 994
956 995
957 985
975 980
975 982
980 982
994 98