0 99
0 100
0 102
0 103
0 107
0 130
0 131
0 153
0 158
0 167
0 170
0 23
0 34
0 41
0 45
0 59
0 73
0 77
0 7
0 80
0 94
0 97
0 98
9 102
9 10
9 111
9 112
9 113
9 126
9 129
9 13
9 140
9 150
9 157
9 160
9 163
9 191
9 194
9 195
9 48
9 52
9 56
9 59
9 60
9 68
9 6
9 69
9 70
9 73
9 86
99 100
99 104
99 105
99 106
99 107
99 108
99 109
99 121
99 122
99 130
99 131
99 134
99 135
99 153
99 163
99 167
99 169
99 170
99 173
99 177
99 178
99 181
99 193
99 196
99 21
99 23
99 31
99 32
99 34
99 39
99 42
99 43
99 45
99 57
99 58
99 59
99 61
99 62
99 63
99 64
99 65
99 77
99 7
99 80
99 82
99 94
99 97
99 98
100 104
100 105
100 106
100 107
100 108
100 109
100 121
100 122
100 130
100 131
100 134
100 135
100 153
100 163
100 165
100 167
100 169
100 170
100 173
100 177
100 178
100 181
100 186
100 193
100 196
100 21
100 31
100 32
100 34
100 39
100 42
100 43
100 45
100 57
100 59
100 61
100 62
100 63
100 64
100 65
100 67
100 7
100 80
100 82
100 94
100 97
100 98
101 127
101 12
101 137
101 139
101 146
101 155
101 166
101 168
101 171
101 172
101 175
101 188
101 25
101 27
101 3
101 4
101 76
101 84
101 85
102 103
102 107
102 111
102 113
102 149
102 153
102 160
102 163
102 167
102 170
102 177
102 23
102 34
102 66
102 6
102 70
102 71
102 73
102 77
102 82
102 86
103 104
103 106
103 107
103 14
103 153
103 158
103 15
103 167
103 170
103 23
103 34
103 41
103 45
103 47
103 73
103 77
103 80
103 90
104 105
104 106
104 107
104 108
104 109
104 121
104 122
104 130
104 131
104 134
104 135
104 14
104 153
104 15
104 163
104 167
104 169
104 173
104 177
104 178
104 181
104 193
104 196
104 21
104 23
104 31
104 32
104 34
104 37
104 39
104 42
104 43
104 47
104 57
104 59
104 61
104 62
104 63
104 64
104 65
104 80
104 82
104 90
104 97
104 98
105 106
105 107
105 108
105 109
105 110
105 121
105 122
105 130
105 131
105 134
105 153
105 167
105 178
105 182
105 186
105 187
105 30
105 31
105 32
105 34
105 39
105 41
105 43
105 45
105 49
105 57
105 59
105 60
105 61
105 62
105 63
105 64
105 65
105 80
105 97
105 98
106 107
106 108
106 109
106 121
106 122
106 130
106 131
106 134
106 14
106 153
106 15
106 161
106 167
106 178
106 186
106 187
106 23
106 31
106 32
106 34
106 39
106 43
106 47
106 57
106 59
106 61
106 62
106 63
106 64
106 65
106 90
106 97
106 98
107 108
107 109
107 110
107 121
107 122
107 124
107 130
107 131
107 134
107 135
107 145
107 153
107 163
107 167
107 169
107 170
107 173
107 177
107 178
107 181
107 189
107 191
107 192
107 193
107 196
107 21
107 23
107 31
107 32
107 34
107 39
107 42
107 43
107 57
107 59
107 61
107 62
107 63
107 64
107 65
107 68
107 6
107 69
107 73
107 77
107 80
107 82
107 92
107 93
107 94
107 97
107 98
108 109
108 121
108 122
108 130
108 131
108 134
108 153
108 167
108 169
108 176
108 178
108 31
108 32
108 34
108 39
108 43
108 57
108 59
108 61
108 62
108 63
108 64
108 65
108 68
108 82
108 97
108 98
10 111
10 112
10 113
10 134
10 138
10 157
10 160
10 161
10 163
10 178
10 188
10 195
10 22
10 31
10 37
10 48
10 52
10 56
10 6
10 70
10 79
10 8
109 121
109 122
109 130
109 131
109 134
109 135
109 138
109 142
109 153
109 167
109 169
109 170
109 173
109 178
109 181
109 31
109 32
109 34
109 39
109 43
109 49
109 57
109 59
109 61
109 62
109 63
109 64
109 65
109 68
109 69
109 72
109 7
109 87
109 94
109 97
109 98
110 115
110 116
110 117
110 120
110 121
110 122
110 124
110 131
110 136
110 145
110 152
110 167
110 169
110 170
110 189
110 191
110 192
110 193
110 194
110 195
110 22
110 30
110 31
110 49
110 52
110 53
110 55
110 56
110 59
110 60
110 68
110 6
110 69
110 70
110 82
110 8
110 92
110 93
110 94
111 112
111 113
111 126
111 129
111 13
111 140
111 149
111 150
111 157
111 160
111 163
111 191
111 194
111 195
111 48
111 52
111 56
111 59
111 60
111 68
111 6
111 69
111 70
111 73
111 86
112 113
112 157
112 160
112 163
112 195
112 48
112 52
112 56
112 6
112 70
113 11
113 124
113 126
113 129
113 130
113 131
113 135
113 13
113 140
113 141
113 145
113 150
113 157
113 160
113 163
113 17
113 182
113 189
113 191
113 192
113 194
113 195
113 48
113 49
113 52
113 55
113 56
113 59
113 60
113 68
113 6
113 69
113 70
113 73
113 82
113 86
113 87
113 92
113 93
114 147
114 151
114 152
114 156
114 166
114 171
114 2
115 116
115 117
115 118
115 120
115 121
115 133
115 134
115 136
115 152
115 167
115 178
115 180
115 32
115 37
115 38
115 39
115 70
115 8
115 90
116 117
116 120
116 121
116 136
116 152
116 167
116 178
116 182
116 24
116 70
116 8
117 120
117 121
117 124
117 128
117 131
117 135
117 136
117 141
117 142
117 145
117 152
117 167
117 169
117 173
117 174
117 176
117 182
117 189
117 191
117 192
117 193
117 42
117 48
117 58
117 59
117 68
117 69
117 70
117 78
117 7
117 81
117 82
117 83
117 88
117 8
117 92
117 93
117 98
118 119
118 133
118 134
118 178
118 32
118 37
118 39
118 90
11 128
11 169
11 17
11 18
11 193
11 194
11 195
11 196
11 30
11 48
11 52
11 53
11 54
11 55
11 56
11 59
11 60
11 70
11 72
11 82
120 121
120 124
120 131
120 135
120 136
120 141
120 142
120 145
120 152
120 157
120 167
120 173
120 174
120 176
120 182
120 189
120 191
120 192
120 195
120 42
120 48
120 56
120 58
120 59
120 68
120 69
120 70
120 7
120 81
120 82
120 88
120 8
120 92
120 93
120 98
121 122
121 124
121 130
121 131
121 134
121 135
121 136
121 142
121 145
121 152
121 153
121 167
121 170
121 178
121 189
121 191
121 192
121 31
121 32
121 34
121 39
121 42
121 43
121 57
121 58
121 59
121 61
121 62
121 63
121 64
121 65
121 68
121 6
121 69
121 70
121 81
121 8
121 92
121 93
121 94
121 97
121 98
122 130
122 131
122 134
122 153
122 161
122 167
122 178
122 182
122 186
122 187
122 30
122 31
122 32
122 34
122 39
122 41
122 43
122 45
122 49
122 57
122 59
122 60
122 61
122 62
122 63
122 64
122 65
122 80
122 97
122 98
123 127
123 137
123 139
123 152
123 175
123 183
123 197
123 25
123 27
123 28
123 4
123 76
123 85
123 89
123 95
123 96
124 129
124 131
124 135
124 141
124 145
124 150
124 167
124 170
124 174
124 176
124 182
124 189
124 191
124 192
124 48
124 53
124 59
124 68
124 6
124 69
124 89
124 92
124 93
124 94
124 95
125 127
125 135
125 143
125 146
125 148
125 152
125 166
125 171
125 173
125 26
125 28
125 4
125 50
125 74
125 75
125 78
125 95
126 129
126 135
126 13
126 140
126 141
126 149
126 150
126 157
126 163
126 170
126 173
126 177
126 184
126 191
126 194
126 48
126 59
126 60
126 66
126 68
126 6
126 69
126 82
126 88
126 92
126 94
127 12
127 135
127 137
127 139
127 143
127 146
127 148
127 152
127 154
127 155
127 166
127 168
127 171
127 172
127 175
127 17
127 183
127 188
127 190
127 191
127 25
127 26
127 27
127 28
127 4
127 50
127 72
127 74
127 75
127 76
127 78
127 84
127 85
127 87
127 89
127 95
127 96
128 135
128 169
128 174
128 17
128 182
128 18
128 193
128 194
128 195
128 196
128 30
128 35
128 52
128 53
128 54
128 55
128 56
128 59
128 60
128 6
128 83
12 139
12 146
12 147
12 148
12 152
12 154
12 155
12 166
12 168
12 171
12 172
12 175
12 188
12 190
12 24
12 25
12 27
12 3
12 4
12 72
12 84
12 85
12 91
129 135
129 13
129 140
129 145
129 149
129 150
129 157
129 160
129 163
129 176
129 184
129 185
129 18
129 189
129 191
129 192
129 193
129 194
129 48
129 53
129 56
129 59
129 60
129 68
129 6
129 69
129 86
129 92
129 93
129 95
130 131
130 134
130 135
130 138
130 153
130 157
130 163
130 167
130 169
130 170
130 173
130 177
130 178
130 17
130 181
130 182
130 193
130 195
130 196
130 21
130 31
130 32
130 34
130 39
130 42
130 43
130 45
130 49
130 52
130 55
130 57
130 59
130 61
130 62
130 63
130 64
130 65
130 7
130 80
130 82
130 87
130 94
130 97
130 98
131 134
131 135
131 140
131 141
131 145
131 153
131 157
131 163
131 165
131 167
131 169
131 170
131 173
131 177
131 178
131 17
131 181
131 182
131 186
131 189
131 191
131 192
131 193
131 195
131 196
131 21
131 23
131 31
131 32
131 34
131 39
131 42
131 43
131 45
131 49
131 52
131 55
131 57
131 59
131 61
131 62
131 63
131 64
131 65
131 67
131 68
131 6
131 69
131 7
131 80
131 82
131 87
131 88
131 92
131 93
131 94
131 97
131 98
132 154
132 155
132 166
132 179
132 36
132 89
133 134
133 158
133 178
133 194
133 32
133 37
133 39
133 66
133 82
133 83
133 90
134 138
134 153
134 158
134 161
134 165
134 167
134 170
134 178
134 186
134 188
134 194
134 22
134 31
134 32
134 34
134 37
134 39
134 43
134 57
134 59
134 61
134 62
134 63
134 64
134 65
134 66
134 67
134 79
134 82
134 83
134 8
134 90
134 94
134 97
134 98
135 136
135 137
135 139
135 140
135 141
135 142
135 143
135 145
135 146
135 148
135 149
135 150
135 157
135 160
135 161
135 162
135 163
135 166
135 167
135 16
135 169
135 170
135 171
135 173
135 174
135 176
135 177
135 17
135 181
135 182
135 183
135 184
135 187
135 18
135 189
135 190
135 191
135 192
135 193
135 195
135 196
135 19
135 21
135 23
135 28
135 40
135 41
135 42
135 44
135 48
135 4
135 50
135 56
135 58
135 59
135 64
135 65
135 66
135 68
135 6
135 69
135 72
135 74
135 75
135 76
135 77
135 78
135 7
135 80
135 81
135 82
135 83
135 85
135 87
135 88
135 89
135 92
135 93
135 94
135 95
135 96
135 97
135 98
136 152
136 157
136 167
136 187
136 19
136 70
136 77
136 82
136 8
137 144
137 146
137 148
137 154
137 166
137 168
137 171
137 172
137 177
137 25
137 27
137 28
137 3
137 4
137 76
137 85
137 89
137 95
137 96
138 161
138 178
138 188
138 22
138 31
138 37
138 43
138 49
138 63
138 64
138 65
138 79
138 8
138 90
13 140
13 149
13 150
13 157
13 160
13 163
13 184
13 185
13 191
13 193
13 194
13 1
13 53
13 59
13 60
13 68
13 6
13 69
13 86
13 95
139 146
139 148
139 152
139 154
139 155
139 166
139 168
139 171
139 172
139 175
139 17
139 183
139 188
139 190
139 197
139 25
139 27
139 28
139 4
139 72
139 76
139 84
139 85
139 87
139 89
139 95
140 141
140 150
140 157
140 170
140 173
140 191
140 194
140 59
140 60
140 68
140 6
140 69
140 82
140 88
140 94
141 142
141 148
141 149
141 157
141 160
141 163
141 167
141 170
141 173
141 184
141 192
141 195
141 48
141 56
141 59
141 68
141 69
141 78
141 7
141 82
141 88
141 94
141 95
142 173
142 42
142 48
142 58
142 68
142 69
142 72
142 78
142 81
142 87
142 98
143 146
143 148
143 152
143 171
143 173
143 197
143 26
143 28
143 4
143 50
143 74
143 75
143 78
143 95
144 166
145 150
145 167
145 170
145 174
145 176
145 182
145 189
145 191
145 192
145 53
145 59
145 68
145 6
145 69
145 92
145 93
145 94
146 148
146 152
146 155
146 166
146 168
146 171
146 172
146 173
146 175
146 17
146 183
146 188
146 190
146 25
146 26
146 27
146 28
146 3
146 4
146 50
146 72
146 74
146 75
146 76
146 78
146 84
146 85
146 87
146 89
146 95
146 96
147 152
147 24
147 91
148 149
148 152
148 154
148 155
148 159
148 162
148 166
148 168
148 171
148 172
148 173
148 175
148 177
148 17
148 180
148 183
148 188
148 190
148 193
148 194
148 24
148 25
148 26
148 27
148 28
148 38
148 48
148 4
148 50
148 52
148 53
148 66
148 72
148 74
148 75
148 76
148 78
148 82
148 84
148 85
148 87
148 88
148 89
148 95
148 96
14 15
14 23
14 47
14 80
14 90
149 150
149 157
149 160
149 163
149 169
149 177
149 184
149 185
149 191
149 193
149 194
149 195
149 1
149 35
149 48
149 52
149 53
149 54
149 55
149 59
149 66
149 68
149 6
149 69
149 70
149 71
149 73
149 80
149 82
149 86
149 95
150 157
150 176
150 184
150 189
150 191
150 192
150 194
150 59
150 60
150 68
150 6
150 69
151 156
151 5
152 162
152 166
152 167
152 171
152 180
152 197
152 24
152 25
152 26
152 27
152 28
152 2
152 36
152 38
152 3
152 4
152 50
152 70
152 75
152 85
152 8
152 89
152 91
152 95
153 165
153 167
153 169
153 170
153 178
153 186
153 23
153 31
153 32
153 34
153 39
153 43
153 45
153 57
153 59
153 61
153 62
153 63
153 64
153 65
153 67
153 73
153 77
153 7
153 94
153 97
153 98
154 155
154 166
154 177
154 179
154 188
154 190
154 25
154 27
154 36
154 46
154 4
154 72
154 84
154 85
155 166
155 168
155 171
155 172
155 175
155 188
155 190
155 25
155 27
155 3
155 4
155 72
155 84
155 85
156 179
156 5
157 160
157 163
157 167
157 169
157 170
157 173
157 177
157 17
157 182
157 185
157 187
157 191
157 193
157 194
157 195
157 19
157 35
157 42
157 48
157 49
157 52
157 53
157 54
157 55
157 56
157 58
157 59
157 60
157 66
157 68
157 6
157 69
157 70
157 77
157 80
157 82
157 83
157 86
157 87
157 88
157 94
157 95
158 194
158 41
158 45
158 66
158 82
158 83
15 23
15 47
15 77
15 80
15 90
160 163
160 185
160 191
160 193
160 195
160 35
160 48
160 52
160 53
160 56
160 59
160 68
160 6
160 69
160 70
160 71
160 73
160 86
160 95
161 178
161 186
161 187
161 188
161 22
161 31
161 37
161 42
161 48
161 57
161 58
161 79
161 8
162 166
162 171
162 172
162 4
162 74
162 78
162 85
162 91
162 95
163 169
163 173
163 177
163 181
163 185
163 191
163 193
163 194
163 195
163 196
163 21
163 35
163 42
163 48
163 52
163 53
163 54
163 55
163 56
163 59
163 66
163 68
163 6
163 69
163 70
163 71
163 73
163 80
163 82
163 86
163 95
163 97
163 98
164 184
165 167
165 170
165 182
165 186
165 34
165 43
165 49
165 59
165 67
165 98
166 168
166 171
166 172
166 175
166 17
166 183
166 188
166 190
166 197
166 25
166 26
166 27
166 28
166 2
166 3
166 46
166 4
166 50
166 69
166 72
166 74
166 76
166 78
166 84
166 85
166 87
166 89
166 95
166 96
167 169
167 170
167 178
167 186
167 189
167 191
167 192
167 193
167 194
167 19
167 22
167 23
167 31
167 32
167 34
167 39
167 43
167 45
167 49
167 53
167 57
167 59
167 61
167 62
167 63
167 64
167 65
167 67
167 68
167 6
167 69
167 70
167 73
167 77
167 7
167 79
167 82
167 8
167 90
167 92
167 93
167 94
167 97
167 98
168 171
168 172
168 175
168 188
168 25
168 28
168 3
168 4
168 76
168 84
168 85
168 89
168 95
168 96
16 61
169 173
169 174
169 177
169 181
169 182
169 191
169 193
169 194
169 195
169 196
169 21
169 30
169 34
169 35
169 42
169 52
169 53
169 54
169 55
169 63
169 64
169 65
169 66
169 6
169 69
169 80
169 82
169 83
169 97
169 98
170 173
170 186
170 189
170 191
170 192
170 23
170 34
170 43
170 45
170 59
170 67
170 68
170 6
170 69
170 73
170 77
170 7
170 88
170 92
170 93
170 94
170 97
170 98
171 172
171 175
171 17
171 183
171 188
171 190
171 25
171 26
171 27
171 28
171 2
171 3
171 4
171 50
171 72
171 74
171 75
171 76
171 78
171 85
171 87
171 89
171 95
171 96
172 175
172 183
172 188
172 190
172 25
172 27
172 3
172 4
172 76
172 85
172 89
172 95
173 177
173 181
173 191
173 193
173 196
173 21
173 23
173 35
173 42
173 48
173 50
173 53
173 58
173 59
173 66
173 68
173 69
173 72
173 74
173 75
173 77
173 78
173 7
173 80
173 82
173 87
173 88
173 94
173 97
173 98
174 176
174 182
174 189
174 191
174 192
174 193
174 68
174 69
174 83
174 92
174 93
175 183
175 188
175 191
175 197
175 25
175 27
175 28
175 3
175 4
175 85
175 89
175 95
176 182
176 189
176 191
176 192
176 53
176 60
176 68
176 6
176 69
176 92
176 93
177 181
177 191
177 193
177 194
177 195
177 196
177 21
177 25
177 35
177 42
177 48
177 52
177 53
177 54
177 55
177 66
177 6
177 69
177 80
177 82
177 97
177 98
178 182
178 188
178 22
178 31
178 32
178 34
178 37
178 39
178 43
178 49
178 57
178 59
178 61
178 62
178 63
178 64
178 65
178 77
178 79
178 8
178 90
178 94
178 97
178 98
17 182
17 183
17 18
17 190
17 193
17 194
17 195
17 196
17 28
17 30
17 49
17 52
17 53
17 54
17 55
17 56
17 59
17 60
17 72
17 76
17 85
17 87
17 89
17 95
179 36
179 46
180 38
180 50
180 79
181 182
181 193
181 196
181 21
181 23
181 41
181 42
181 65
181 77
181 80
181 82
181 97
181 98
182 189
182 191
182 192
182 193
182 195
182 41
182 45
182 49
182 52
182 55
182 59
182 67
182 68
182 69
182 80
182 83
182 87
182 92
182 93
183 190
183 197
183 25
183 27
183 28
183 72
183 76
183 85
183 87
183 89
183 95
184 18
184 191
184 48
184 56
184 6
184 69
184 82
185 191
185 193
185 53
185 68
185 69
185 86
185 95
186 187
186 34
186 43
186 57
186 59
186 67
186 98
187 57
187 77
188 190
188 22
188 25
188 27
188 31
188 37
188 3
188 4
188 72
188 79
188 84
188 85
188 8
18 191
18 193
18 194
18 195
18 196
18 19
18 30
18 48
18 4
18 52
18 53
18 54
18 55
18 56
18 59
18 60
18 6
18 69
189 191
189 192
189 53
189 59
189 68
189 6
189 69
189 92
189 93
189 94
190 25
190 27
190 28
190 4
190 72
190 76
190 84
190 85
190 87
190 89
190 95
191 192
191 193
191 194
191 33
191 35
191 48
191 53
191 56
191 59
191 60
191 66
191 68
191 6
191 69
191 82
191 86
191 92
191 93
191 94
191 95
192 53
192 59
192 68
192 6
192 69
192 92
192 93
192 94
193 194
193 195
193 196
193 21
193 30
193 35
193 42
193 48
193 4
193 52
193 53
193 54
193 55
193 56
193 59
193 60
193 66
193 68
193 6
193 69
193 80
193 82
193 83
193 86
193 95
193 97
193 98
194 195
194 196
194 30
194 35
194 48
194 52
194 53
194 54
194 55
194 56
194 59
194 60
194 66
194 68
194 6
194 69
194 70
194 80
194 82
194 83
194 86
195 196
195 30
195 35
195 48
195 4
195 49
195 51
195 52
195 53
195 54
195 55
195 56
195 59
195 60
195 66
195 6
195 70
195 80
195 82
195 87
195 88
196 21
196 30
196 35
196 42
196 4
196 52
196 53
196 54
196 55
196 56
196 59
196 60
196 6
196 80
196 82
196 97
196 98
197 25
197 27
197 28
197 74
197 85
197 89
197 95
1 53
19 23
19 59
19 69
19 77
19 79
19 86
20 4
21 42
21 80
21 82
21 97
21 98
22 31
22 37
22 59
22 79
22 8
23 34
23 41
23 42
23 45
23 47
23 59
23 73
23 77
23 79
23 80
23 90
23 98
24 91
25 27
25 28
25 3
25 4
25 72
25 76
25 84
25 85
25 89
25 95
26 28
26 4
26 50
26 75
26 95
27 28
27 4
27 72
27 76
27 84
27 85
27 89
27 95
28 4
28 50
28 72
28 75
28 76
28 85
28 87
28 89
28 95
28 96
29 33
30 31
30 52
30 53
30 54
30 55
30 56
30 59
30 60
31 32
31 34
31 37
31 39
31 43
31 57
31 59
31 60
31 61
31 62
31 63
31 64
31 65
31 79
31 8
31 90
31 97
31 98
32 34
32 37
32 39
32 43
32 57
32 59
32 61
32 62
32 63
32 64
32 65
32 90
32 97
32 98
33 69
33 82
34 39
34 43
34 45
34 57
34 59
34 61
34 62
34 63
34 64
34 65
34 67
34 73
34 77
34 7
34 94
34 97
34 98
35 48
35 52
35 53
35 54
35 55
35 59
35 66
35 6
35 69
35 71
35 80
35 82
35 86
36 89
37 39
37 43
37 62
37 79
37 8
37 90
38 50
38 79
3 4
3 76
3 84
39 43
39 57
39 59
39 61
39 62
39 63
39 64
39 65
39 90
39 97
39 98
40 44
40 76
40 85
40 87
40 95
40 96
41 45
41 49
41 80
42 58
42 77
42 80
42 81
42 82
42 97
42 98
43 49
43 57
43 59
43 61
43 62
43 63
43 64
43 65
43 67
43 90
43 97
43 98
44 76
44 85
44 87
44 95
44 96
45 49
45 59
45 7
45 80
45 94
45 97
45 98
47 80
47 90
48 51
48 52
48 53
48 56
48 59
48 66
48 68
48 6
48 69
48 70
48 78
48 82
48 89
4 50
4 52
4 53
4 56
4 72
4 74
4 75
4 76
4 78
4 84
4 85
4 89
4 95
4 96
49 52
49 55
49 59
49 63
49 64
49 65
49 67
49 80
49 87
50 74
50 75
50 78
50 95
51 52
51 59
51 82
51 87
52 53
52 54
52 55
52 56
52 59
52 60
52 66
52 6
52 70
52 80
52 82
52 87
53 54
53 55
53 56
53 59
53 60
53 66
53 68
53 69
53 82
53 86
53 92
53 93
53 95
54 55
54 56
54 59
54 60
54 66
54 6
54 80
54 82
55 56
55 59
55 60
55 66
55 6
55 80
55 82
55 87
56 59
56 60
56 6
56 69
56 70
56 82
56 88
57 59
57 61
57 62
57 63
57 64
57 65
57 97
57 98
58 81
58 98
59 60
59 61
59 62
59 63
59 64
59 65
59 67
59 68
59 6
59 69
59 71
59 77
59 7
59 79
59 80
59 82
59 87
59 88
59 90
59 92
59 93
59 94
59 97
59 98
60 68
60 6
60 69
61 62
61 63
61 64
61 65
61 97
61 98
62 63
62 64
62 65
62 90
62 97
62 98
63 64
63 65
63 97
63 98
64 65
64 97
64 98
65 97
65 98
66 6
66 69
66 80
66 82
66 83
66 86
67 98
68 6
68 69
68 72
68 85
68 86
68 87
68 89
68 92
68 93
68 94
68 95
68 98
6 69
6 70
6 71
6 73
6 80
6 82
6 86
6 92
6 93
6 94
69 72
69 82
69 85
69 86
69 87
69 92
69 93
69 94
69 95
69 98
70 71
70 73
70 82
70 8
71 73
72 76
72 84
72 85
72 87
72 89
72 95
72 98
73 77
73 86
74 75
74 78
74 85
74 95
75 78
75 95
76 84
76 85
76 87
76 89
76 95
76 96
77 79
77 90
77 94
77 98
78 85
78 95
7 88
7 94
7 97
7 98
79 8
79 90
79 94
80 82
80 97
80 98
81 98
82 83
82 86
82 88
82 89
82 97
82 98
84 85
85 87
85 89
85 95
85 96
86 95
87 89
87 95
87 96
87 98
88 94
89 95
89 96
90 94
92 93
92 94
93 94
94 97
94 98
95 96
97 8